1.354143829345703125e+02
1.805389251708984375e+02
1.911092224121093750e+02
1.276190490722656250e+02
1.044000015258789062e+02
1.436619720458984375e+02
6.548571777343750000e+01
1.652380981445312500e+02
1.461538391113281250e+02
1.581818237304687500e+02
3.180487670898437500e+02
3.966216125488281250e+02
2.678244323730468750e+02
1.029099487304687500e+03
2.405099182128906250e+02
4.833573913574218750e+02
2.364705810546875000e+02
4.348636474609375000e+02
1.386000061035156250e+02
3.804929504394531250e+02
2.544502563476562500e+02
2.945303955078125000e+02
1.771304321289062500e+02
5.608695602416992188e+01
2.637662353515625000e+02
1.986000061035156250e+02
3.338848876953125000e+02
5.551327514648437500e+02
1.107826049804687500e+03
1.049426757812500000e+03
1.295135131835937500e+03
3.327272644042968750e+02
5.225494995117187500e+02
2.830063171386718750e+02
4.785405273437500000e+02
2.457692260742187500e+02
3.985074768066406250e+02
3.862790832519531250e+02
1.700000000000000000e+02
2.741304321289062500e+02
2.074285736083984375e+02
4.500000000000000000e+01
5.167164306640625000e+02
4.570588378906250000e+02
4.821105651855468750e+02
2.299354858398437500e+02
1.687742004394531250e+02
4.650000000000000000e+02
