1.535253448486328125e+02
1.676363677978515625e+02
1.773781585693359375e+02
1.066666641235351562e+02
1.248648681640625000e+02
1.234000015258789062e+02
7.021977996826171875e+01
1.761111145019531250e+02
1.080000000000000000e+02
1.428000030517578125e+02
3.148672485351562500e+02
4.162929077148437500e+02
2.842528686523437500e+02
8.984127197265625000e+02
3.257746582031250000e+02
4.624632263183593750e+02
2.583333435058593750e+02
4.170796508789062500e+02
1.407142791748046875e+02
3.870629272460937500e+02
2.509550628662109375e+02
3.052631530761718750e+02
1.668103485107421875e+02
8.166666412353515625e+01
2.755357055664062500e+02
1.727848052978515625e+02
3.249635009765625000e+02
5.787907104492187500e+02
1.114888916015625000e+03
1.042758666992187500e+03
1.320841064453125000e+03
1.963636322021484375e+02
4.588052062988281250e+02
2.903999938964843750e+02
4.886440734863281250e+02
2.203846130371093750e+02
3.842069091796875000e+02
3.715217285156250000e+02
1.570588226318359375e+02
2.323489990234375000e+02
2.285185241699218750e+02
3.500000000000000000e+01
4.952238769531250000e+02
3.636000061035156250e+02
4.735406799316406250e+02
2.165753479003906250e+02
1.553424682617187500e+02
3.412500000000000000e+02
