1.393407592773437500e+02
1.773076934814453125e+02
1.922959136962890625e+02
1.115000000000000000e+02
1.105594406127929688e+02
1.430000000000000000e+02
6.692308044433593750e+01
1.738095245361328125e+02
1.413157958984375000e+02
1.568181762695312500e+02
3.328571472167968750e+02
3.938915100097656250e+02
2.737065734863281250e+02
9.759375000000000000e+02
2.528939819335937500e+02
4.706037597656250000e+02
2.460000000000000000e+02
4.240191345214843750e+02
1.347058868408203125e+02
3.994160461425781250e+02
2.476704559326171875e+02
3.041071472167968750e+02
1.658181762695312500e+02
5.759999847412109375e+01
2.680473327636718750e+02
1.911377258300781250e+02
3.353488464355468750e+02
5.530434570312500000e+02
1.063720947265625000e+03
1.070139892578125000e+03
1.305148559570312500e+03
3.810000000000000000e+02
4.985441589355468750e+02
2.828939819335937500e+02
4.558823547363281250e+02
2.640000000000000000e+02
4.048936157226562500e+02
3.737593994140625000e+02
1.436842041015625000e+02
2.505517272949218750e+02
2.190789489746093750e+02
4.200000000000000000e+01
4.903448181152343750e+02
4.258064575195312500e+02
4.847058715820312500e+02
2.306961975097656250e+02
1.703164520263671875e+02
4.260000000000000000e+02
