1.448910980224609375e+02
1.758857116699218750e+02
1.870973205566406250e+02
1.131147537231445312e+02
1.059259262084960938e+02
1.346979827880859375e+02
6.123711395263671875e+01
1.777272796630859375e+02
1.276923065185546875e+02
1.485000000000000000e+02
3.046551818847656250e+02
4.069852905273437500e+02
2.617283935546875000e+02
9.366847534179687500e+02
2.589111633300781250e+02
4.736470642089843750e+02
2.850000000000000000e+02
4.154773864746093750e+02
1.480327911376953125e+02
3.742445983886718750e+02
2.456842041015625000e+02
2.901694946289062500e+02
1.475892791748046875e+02
6.409091186523437500e+01
2.632369995117187500e+02
1.932727203369140625e+02
3.243307189941406250e+02
5.068202819824218750e+02
1.061102416992187500e+03
1.039859130859375000e+03
1.264411743164062500e+03
3.033333435058593750e+02
5.194852905273437500e+02
2.961349792480468750e+02
4.964179077148437500e+02
2.155555572509765625e+02
4.068181762695312500e+02
3.791129150390625000e+02
1.481250000000000000e+02
2.444117584228515625e+02
2.292537384033203125e+02
4.363636398315429688e+01
5.151851806640625000e+02
3.700000000000000000e+02
4.845077819824218750e+02
2.208589019775390625e+02
1.632515411376953125e+02
4.025000000000000000e+02
