1.446660919189453125e+02
1.809615325927734375e+02
1.917876129150390625e+02
1.050000000000000000e+02
1.138125000000000000e+02
1.376223754882812500e+02
6.655172729492187500e+01
1.693333282470703125e+02
1.246875000000000000e+02
1.470000000000000000e+02
3.448780517578125000e+02
3.989646911621093750e+02
2.767704162597656250e+02
1.031337158203125000e+03
2.476685333251953125e+02
4.684444580078125000e+02
2.500000000000000000e+02
4.222857055664062500e+02
1.200000000000000000e+02
3.872727355957031250e+02
2.553260803222656250e+02
3.321787719726562500e+02
1.729411773681640625e+02
6.359999847412109375e+01
2.609638671875000000e+02
1.904268341064453125e+02
3.256799926757812500e+02
5.593170776367187500e+02
1.052380981445312500e+03
1.052517456054687500e+03
1.260582519531250000e+03
3.190909118652343750e+02
4.982467651367187500e+02
2.921774291992187500e+02
4.494418640136718750e+02
2.517391357421875000e+02
4.052112731933593750e+02
3.996268615722656250e+02
1.736842041015625000e+02
2.449655151367187500e+02
2.156250000000000000e+02
3.857143020629882812e+01
4.927999877929687500e+02
3.905084838867187500e+02
4.788625488281250000e+02
2.308609313964843750e+02
1.674834442138671875e+02
3.600000000000000000e+02
