1.502715759277343750e+02
1.700000000000000000e+02
1.840472106933593750e+02
1.077049179077148438e+02
1.150306777954101562e+02
1.253191452026367188e+02
6.703910827636718750e+01
1.851351318359375000e+02
1.226470565795898438e+02
1.440000000000000000e+02
3.116949157714843750e+02
4.053472290039062500e+02
2.757317199707031250e+02
9.620207519531250000e+02
2.870111694335937500e+02
4.614068298339843750e+02
2.538461608886718750e+02
4.173611145019531250e+02
1.426315765380859375e+02
3.727559204101562500e+02
2.437278137207031250e+02
2.867924499511718750e+02
1.553773651123046875e+02
6.789473724365234375e+01
2.684023742675781250e+02
1.867682952880859375e+02
3.325531921386718750e+02
5.298283081054687500e+02
1.115611450195312500e+03
1.016730773925781250e+03
1.274196411132812500e+03
2.910000000000000000e+02
4.941409606933593750e+02
2.966005554199218750e+02
5.114778442382812500e+02
2.445454559326171875e+02
3.960000000000000000e+02
3.694852905273437500e+02
1.673684234619140625e+02
2.424827575683593750e+02
2.217567596435546875e+02
4.666666793823242188e+01
4.766250000000000000e+02
3.463157958984375000e+02
4.822727355957031250e+02
2.188679199218750000e+02
1.611320800781250000e+02
3.600000000000000000e+02
