2.146459960937500000e+02
1.489380493164062500e+02
1.542438964843750000e+02
5.700000000000000000e+01
1.537500000000000000e+02
9.580644989013671875e+01
9.976190185546875000e+01
1.683999938964843750e+02
9.480000305175781250e+01
1.178571395874023438e+02
2.730681762695312500e+02
5.035000000000000000e+02
3.025423583984375000e+02
6.730952148437500000e+02
4.765853576660156250e+02
4.300549316406250000e+02
2.025000000000000000e+02
3.318367309570312500e+02
1.809090881347656250e+02
3.323333435058593750e+02
2.349056549072265625e+02
2.573529357910156250e+02
1.830769195556640625e+02
8.500000000000000000e+01
2.439130401611328125e+02
1.505454559326171875e+02
3.067021179199218750e+02
5.117532348632812500e+02
1.186250000000000000e+03
7.854285888671875000e+02
1.187837890625000000e+03
2.137500000000000000e+02
4.130536804199218750e+02
2.866250000000000000e+02
4.417322692871093750e+02
2.187500000000000000e+02
3.478125000000000000e+02
3.115909118652343750e+02
7.000000000000000000e+01
1.609090881347656250e+02
2.198181762695312500e+02
5.400000000000000000e+01
3.783870849609375000e+02
2.956250000000000000e+02
3.758695678710937500e+02
1.488679199218750000e+02
1.429245300292968750e+02
2.200000000000000000e+02
