1.746154174804687500e+02
1.634161529541015625e+02
1.698634796142578125e+02
8.409835815429687500e+01
1.296296234130859375e+02
1.065217361450195312e+02
7.786885070800781250e+01
1.810000000000000000e+02
9.923076629638671875e+01
1.186363601684570312e+02
3.012930908203125000e+02
4.512765808105468750e+02
2.830120544433593750e+02
8.703125000000000000e+02
3.620630493164062500e+02
4.512790832519531250e+02
2.611764831542968750e+02
3.852558288574218750e+02
1.494339599609375000e+02
3.652816772460937500e+02
2.458064575195312500e+02
2.855056152343750000e+02
1.670339050292968750e+02
7.571428680419921875e+01
2.650588378906250000e+02
1.733742370605468750e+02
3.110294189453125000e+02
5.317431030273437500e+02
1.136888916015625000e+03
9.698657836914062500e+02
1.219142822265625000e+03
2.370000000000000000e+02
4.748322143554687500e+02
3.047999877929687500e+02
5.013658447265625000e+02
2.050000000000000000e+02
3.990441284179687500e+02
3.558461608886718750e+02
1.252941207885742188e+02
2.074285736083984375e+02
2.233783721923828125e+02
3.375000000000000000e+01
4.135714416503906250e+02
3.069230651855468750e+02
4.294565124511718750e+02
1.888461608886718750e+02
1.484615325927734375e+02
2.970000000000000000e+02
