1.659921264648437500e+02
1.669127502441406250e+02
1.755208282470703125e+02
1.009090881347656250e+02
1.215189895629882812e+02
1.143478240966796875e+02
7.516666412353515625e+01
1.859523773193359375e+02
1.067441864013671875e+02
1.254545440673828125e+02
3.010083923339843750e+02
4.374100646972656250e+02
2.916806640625000000e+02
9.125906982421875000e+02
3.305849609375000000e+02
4.550390625000000000e+02
2.120000000000000000e+02
4.065865478515625000e+02
1.461818237304687500e+02
3.614685363769531250e+02
2.373015899658203125e+02
2.844943847656250000e+02
1.706896514892578125e+02
7.304347991943359375e+01
2.668604736328125000e+02
1.800000000000000000e+02
3.032846679687500000e+02
5.373214111328125000e+02
1.082462646484375000e+03
1.005389587402343750e+03
1.291944458007812500e+03
3.150000000000000000e+02
4.848565673828125000e+02
2.983593750000000000e+02
4.937946472167968750e+02
2.214705810546875000e+02
3.848571472167968750e+02
3.589208679199218750e+02
1.852941131591796875e+02
2.153424682617187500e+02
2.183999938964843750e+02
4.125000000000000000e+01
4.670149230957031250e+02
3.480000000000000000e+02
4.328108215332031250e+02
2.100000000000000000e+02
1.538709716796875000e+02
2.887500000000000000e+02
