1.938931579589843750e+02
1.596774139404296875e+02
1.650511932373046875e+02
6.397058868408203125e+01
1.358598785400390625e+02
9.579310607910156250e+01
8.765363311767578125e+01
1.739534912109375000e+02
9.416666412353515625e+01
1.186363601684570312e+02
2.760000000000000000e+02
4.664383544921875000e+02
2.805058288574218750e+02
7.877472534179687500e+02
4.138843078613281250e+02
4.432075500488281250e+02
2.233333282470703125e+02
3.532126770019531250e+02
1.646938781738281250e+02
3.509090881347656250e+02
2.507262573242187500e+02
2.755491333007812500e+02
1.626605529785156250e+02
7.800000000000000000e+01
2.602547912597656250e+02
1.577483367919921875e+02
3.010563354492187500e+02
5.156896362304687500e+02
1.177342651367187500e+03
8.994545288085937500e+02
1.164210571289062500e+03
1.892307739257812500e+02
4.529787292480468750e+02
3.032335205078125000e+02
4.815384521484375000e+02
2.006896514892578125e+02
3.879729614257812500e+02
3.339416198730468750e+02
1.091999969482421875e+02
1.887417144775390625e+02
2.238461608886718750e+02
3.500000000000000000e+01
4.039024353027343750e+02
2.844642944335937500e+02
4.032589416503906250e+02
1.732894744873046875e+02
1.472368469238281250e+02
2.376923065185546875e+02
