1.418766081333160400e-01
1.032178662717342377e-02
3.739383816719055176e-02
2.313850680366158485e-03
5.754446145147085190e-03
6.730287335813045502e-03
3.983847331255674362e-03
2.622364088892936707e-03
1.669996650889515877e-03
9.959618328139185905e-04
1.185094006359577179e-02
5.568331852555274963e-02
2.132766693830490112e-02
5.779596790671348572e-02
3.030138462781906128e-02
4.050244763493537903e-02
9.557209559716284275e-04
2.772596850991249084e-02
3.028126433491706848e-03
1.744442246854305267e-02
1.565370336174964905e-02
1.722309738397598267e-02
5.543181672692298889e-03
4.728303756564855576e-04
1.527141500264406204e-02
1.069401390850543976e-02
1.381268259137868881e-02
3.688076883554458618e-02
4.519050940871238708e-02
4.951640591025352478e-02
4.324888810515403748e-02
9.154800791293382645e-04
7.107545435428619385e-02
3.237378969788551331e-02
3.346029296517372131e-02
1.951682730577886105e-03
1.800779439508914948e-02
1.576436497271060944e-02
7.947573903948068619e-04
1.114672422409057617e-02
5.150832701474428177e-03
1.609635219210758805e-04
1.399376709014177322e-02
7.444563321769237518e-03
3.135770559310913086e-02
1.207226421684026718e-02
8.923416025936603546e-03
1.619695452973246574e-03
