1.340090781450271606e-01
9.110147133469581604e-03
3.724093735218048096e-02
2.203430281952023506e-03
5.207209847867488861e-03
7.064810022711753845e-03
4.011626355350017548e-03
2.404341008514165878e-03
1.768672722391784191e-03
1.136298174969851971e-03
1.381343323737382889e-02
5.500670894980430603e-02
2.334845624864101410e-02
6.171581149101257324e-02
2.906947024166584015e-02
4.107470810413360596e-02
1.215344993397593498e-03
2.918804064393043518e-02
2.262715483084321022e-03
1.802267692983150482e-02
1.435687951743602753e-02
1.682709343731403351e-02
6.007558666169643402e-03
4.742809687741100788e-04
1.492008846253156662e-02
1.051322836428880692e-02
1.424819044768810272e-02
3.770533576607704163e-02
4.519502446055412292e-02
5.040223151445388794e-02
4.341647028923034668e-02
1.254868344403803349e-03
6.880038231611251831e-02
3.251788765192031860e-02
3.063064627349376678e-02
2.608545357361435890e-03
1.880326308310031891e-02
1.637257449328899384e-02
8.991576614789664745e-04
1.196571346372365952e-02
5.483873654156923294e-03
1.383319468004629016e-04
1.405057311058044434e-02
8.695150725543498993e-03
3.256729245185852051e-02
1.200523693114519119e-02
8.863125927746295929e-03
1.403081230819225311e-03
