1.377931833267211914e-01
9.208502247929573059e-03
3.534656018018722534e-02
2.055032411590218544e-03
5.940022412687540054e-03
6.419530138373374939e-03
3.777345409616827965e-03
1.657073851674795151e-03
1.301520504057407379e-03
9.590151603333652020e-04
1.383721828460693359e-02
5.530973151326179504e-02
2.320229448378086090e-02
5.786384269595146179e-02
2.876066789031028748e-02
4.125722497701644897e-02
1.712527009658515453e-03
2.892702817916870117e-02
2.035460667684674263e-03
1.806471310555934906e-02
1.532467082142829895e-02
1.939559169113636017e-02
6.713105831295251846e-03
5.186510388739407063e-04
1.413079444319009781e-02
1.018708944320678711e-02
1.327942404896020889e-02
3.740159049630165100e-02
4.325354099273681641e-02
4.909570515155792236e-02
4.235323891043663025e-02
1.144946669228374958e-03
7.508697360754013062e-02
3.545420244336128235e-02
3.152028471231460571e-02
1.888672704808413982e-03
1.876929588615894318e-02
1.746777631342411041e-02
1.076445565558969975e-03
1.158646866679191589e-02
5.626874510198831558e-03
8.807281847111880779e-05
1.205619052052497864e-02
7.515547331422567368e-03
3.295880556106567383e-02
1.137117948383092880e-02
8.249487727880477905e-03
1.056873821653425694e-03
