1.410337239503860474e-01
8.687790483236312866e-03
3.507900238037109375e-02
2.111682668328285217e-03
6.026491522789001465e-03
5.679365713149309158e-03
3.856954630464315414e-03
2.201678231358528137e-03
1.340291695669293404e-03
9.256690973415970802e-04
1.182156614959239960e-02
5.628260970115661621e-02
2.180143631994724274e-02
5.967672914266586304e-02
3.302517160773277283e-02
3.900345414876937866e-02
1.060662558302283287e-03
2.897537127137184143e-02
2.613086719065904617e-03
1.521568559110164642e-02
1.323899626731872559e-02
1.465642731636762619e-02
5.293670110404491425e-03
4.146226274315267801e-04
1.457928866147994995e-02
9.844876825809478760e-03
1.507105026394128799e-02
3.967842087149620056e-02
4.984149709343910217e-02
5.097929760813713074e-02
4.586883261799812317e-02
9.353114874102175236e-04
7.210576534271240234e-02
3.365192934870719910e-02
3.337229788303375244e-02
2.593801822513341904e-03
1.781913079321384430e-02
1.615099795162677765e-02
1.022092998027801514e-03
1.130087673664093018e-02
5.274385213851928711e-03
1.349934027530252934e-04
1.225547306239604950e-02
6.344690453261137009e-03
3.069171495735645294e-02
1.118516828864812851e-02
8.234597742557525635e-03
1.041377778165042400e-03
