1.545892059803009033e-01
7.932035252451896667e-03
3.224482387304306030e-02
1.770116388797760010e-03
6.123646162450313568e-03
5.032871384173631668e-03
4.315256606787443161e-03
2.490920480340719223e-03
1.463934080675244331e-03
8.802741067484021187e-04
1.142442692071199417e-02
5.817463621497154236e-02
2.214080840349197388e-02
5.617488548159599304e-02
3.785178810358047485e-02
3.715330734848976135e-02
1.014228910207748413e-03
2.697274647653102875e-02
2.564276801422238350e-03
1.648600399494171143e-02
1.430445443838834763e-02
1.615111716091632843e-02
6.315010134130716324e-03
5.358190392144024372e-04
1.463934127241373062e-02
9.529924020171165466e-03
1.325195282697677612e-02
3.838760405778884888e-02
4.626223072409629822e-02
4.938146471977233887e-02
4.450168460607528687e-02
1.004660618491470814e-03
7.546436786651611328e-02
3.654094412922859192e-02
3.527794033288955688e-02
2.401617355644702911e-03
1.718448102474212646e-02
1.591191068291664124e-02
1.004660618491470814e-03
1.002747006714344025e-02
5.224235355854034424e-03
1.052501684171147645e-04
9.979628957808017731e-03
5.549554247409105301e-03
2.553751692175865173e-02
1.038149371743202209e-02
7.606716360896825790e-03
7.367511279881000519e-04
