2.020376324653625488e-01
7.920701056718826294e-03
2.976263314485549927e-02
1.073036110028624535e-03
8.104246109724044800e-03
4.193312022835016251e-03
5.915817338973283768e-03
1.981351757422089577e-03
1.115392777137458324e-03
7.765392656438052654e-04
1.130923628807067871e-02
7.108864188194274902e-02
2.520222961902618408e-02
3.991411998867988586e-02
5.517664551734924316e-02
3.683619946241378784e-02
1.524840830825269222e-03
2.295732498168945312e-02
2.809660276398062706e-03
1.407653931528329849e-02
1.171868387609720230e-02
1.235403399914503098e-02
6.720594596117734909e-03
4.800424794666469097e-04
1.320116780698299408e-02
7.793630473315715790e-03
1.356825884431600571e-02
3.709033876657485962e-02
5.359533056616783142e-02
3.881284594535827637e-02
4.136836528778076172e-02
8.047770825214684010e-04
5.792983248829841614e-02
3.237462788820266724e-02
2.640233561396598816e-02
2.470806939527392387e-03
1.571433059871196747e-02
1.290467102080583572e-02
2.964968152809888124e-04
7.497133687138557434e-03
5.689915269613265991e-03
1.270700595341622829e-04
1.104097720235586166e-02
6.678238045424222946e-03
2.441157214343547821e-02
7.426539435982704163e-03
7.130042649805545807e-03
6.212314474396407604e-04
