1.649331003427505493e-01
8.510660380125045776e-03
3.219882771372795105e-02
1.659433241002261639e-03
6.793001201003789902e-03
4.755101166665554047e-03
4.609536845237016678e-03
2.341968007385730743e-03
1.251853071153163910e-03
8.442730177193880081e-04
1.130549516528844833e-02
6.174838170409202576e-02
2.279537171125411987e-02
5.405288189649581909e-02
4.087445884943008423e-02
3.766234219074249268e-02
1.436234568245708942e-03
2.679353766143321991e-02
2.561931964010000229e-03
1.677871309220790863e-02
1.478933449834585190e-02
1.643906347453594208e-02
6.375716999173164368e-03
5.143272574059665203e-04
1.457583997398614883e-02
9.141438640654087067e-03
1.368304528295993805e-02
3.749736770987510681e-02
4.964713752269744873e-02
4.674555361270904541e-02
4.140819609165191650e-02
7.666387245990335941e-04
6.865783780813217163e-02
3.450844809412956238e-02
3.324688971042633057e-02
1.989379059523344040e-03
1.755505613982677460e-02
1.496401149779558182e-02
6.890044314786791801e-04
9.393750689923763275e-03
5.347062367945909500e-03
8.733858703635632992e-05
9.364637546241283417e-03
5.162680987268686295e-03
2.556109428405761719e-02
9.529610164463520050e-03
7.491710130125284195e-03
9.607244865037500858e-04
