1.803807765245437622e-01
7.885335013270378113e-03
3.081493265926837921e-02
1.385907293297350407e-03
6.795724853873252869e-03
4.425345454365015030e-03
4.998824559152126312e-03
2.383123384788632393e-03
1.080051879398524761e-03
8.315443992614746094e-04
1.055201143026351929e-02
6.508985161781311035e-02
2.296783030033111572e-02
4.567759484052658081e-02
4.786637052893638611e-02
3.741949796676635742e-02
6.403847946785390377e-04
2.486986853182315826e-02
2.571097109466791153e-03
1.475752331316471100e-02
1.429874077439308167e-02
1.518763229250907898e-02
5.648767109960317612e-03
6.212688167579472065e-04
1.301797106862068176e-02
7.589037530124187469e-03
1.362012419849634171e-02
3.811722993850708008e-02
5.363939329981803894e-02
4.728333652019500732e-02
4.228451102972030640e-02
7.837545126676559448e-04
6.104682758450508118e-02
3.226774558424949646e-02
2.991648204624652863e-02
1.854248461313545704e-03
1.829397678375244141e-02
1.457592193037271500e-02
8.697762968949973583e-04
9.080082178115844727e-03
5.562745500355958939e-03
1.338117435807362199e-04
1.055201143026351929e-02
5.075288005173206329e-03
2.877908200025558472e-02
8.391907438635826111e-03
7.130254060029983521e-03
9.844721062108874321e-04
