1.471222937107086182e-01
9.077531285583972931e-03
3.463639318943023682e-02
2.205387223511934280e-03
6.064814981073141098e-03
6.074660457670688629e-03
4.194173961877822876e-03
2.080677775666117668e-03
1.417748862877488136e-03
1.171611947938799858e-03
1.167673710733652115e-02
5.970298126339912415e-02
2.434786781668663025e-02
5.572540685534477234e-02
3.795431926846504211e-02
4.128209128975868225e-02
1.526049221865832806e-03
3.093449398875236511e-02
1.939559238962829113e-03
1.816490851342678070e-02
1.465991791337728500e-02
1.713113300502300262e-02
6.350333802402019501e-03
4.824284405913203955e-04
1.519157364964485168e-02
8.959385566413402557e-03
1.461069006472826004e-02
4.083904623985290527e-02
4.939476400613784790e-02
4.962121322751045227e-02
4.638205096125602722e-02
7.088744314387440681e-04
5.797017738223075867e-02
2.859126962721347809e-02
2.838451415300369263e-02
1.880486379377543926e-03
1.828305423259735107e-02
1.682592183351516724e-02
8.762475918047130108e-04
1.136168185621500015e-02
6.074660457670688629e-03
6.891835073474794626e-05
1.088909897953271866e-02
5.966359749436378479e-03
3.248023241758346558e-02
1.037713419646024704e-02
7.443181704729795456e-03
8.959385449998080730e-04
