1.277180612087249756e-01
9.738498367369174957e-03
3.617294877767562866e-02
2.596932696178555489e-03
5.058204755187034607e-03
6.589232478290796280e-03
3.701598150655627251e-03
2.241631038486957550e-03
1.841109013184905052e-03
1.124045578762888908e-03
1.263582240790128708e-02
5.688057839870452881e-02
2.266502194106578827e-02
7.013656198978424072e-02
2.742283418774604797e-02
4.324668273329734802e-02
1.298466348089277744e-03
3.090156242251396179e-02
2.238400978967547417e-03
1.745177619159221649e-02
1.569787785410881042e-02
1.721921563148498535e-02
6.579542532563209534e-03
4.166720609646290541e-04
1.312032435089349747e-02
9.622217155992984772e-03
1.499050389975309372e-02
4.052377864718437195e-02
4.938048124313354492e-02
5.321774259209632874e-02
4.643470793962478638e-02
1.182185835205018520e-03
6.818886846303939819e-02
2.888603135943412781e-02
2.859533019363880157e-02
2.063980093225836754e-03
1.724828407168388367e-02
1.609516888856887817e-02
9.883848251774907112e-04
1.221915055066347122e-02
4.689983092248439789e-03
1.162805710919201374e-04
1.118231471627950668e-02
7.529166992753744125e-03
3.098877333104610443e-02
1.151177659630775452e-02
8.449721150100231171e-03
1.201565959490835667e-03
